9.228000044822692871e-01
9.409999847412109375e-01
9.477999806404113770e-01
9.520000219345092773e-01
9.570000171661376953e-01
9.592000246047973633e-01
9.624000191688537598e-01
9.620000123977661133e-01
9.629999995231628418e-01
9.649999737739562988e-01
9.646000266075134277e-01
9.657999873161315918e-01
9.670000076293945312e-01
9.674000144004821777e-01
9.674000144004821777e-01
9.675999879837036133e-01
9.682000279426574707e-01
9.689999818801879883e-01
9.693999886512756348e-01
9.697999954223632812e-01
9.706000089645385742e-01
9.710000157356262207e-01
9.718000292778015137e-01
9.715999960899353027e-01
9.721999764442443848e-01
9.720000028610229492e-01
9.729999899864196777e-01
9.728000164031982422e-01
9.729999899864196777e-01
9.733999967575073242e-01
9.739999771118164062e-01
9.735999703407287598e-01
9.738000035285949707e-01
9.746000170707702637e-01
9.739999771118164062e-01
9.742000102996826172e-01
9.743999838829040527e-01
9.747999906539916992e-01
9.746000170707702637e-01
9.751999974250793457e-01
9.751999974250793457e-01
9.757999777793884277e-01
9.760000109672546387e-01
9.761999845504760742e-01
9.764000177383422852e-01
9.765999913215637207e-01
9.761999845504760742e-01
9.757999777793884277e-01
9.769999980926513672e-01
9.765999913215637207e-01
