1.457936882972717285e+00
1.042541742324829102e+00
8.270381689071655273e-01
6.989153623580932617e-01
6.142179369926452637e-01
5.533189177513122559e-01
5.079186558723449707e-01
4.722421765327453613e-01
4.434841275215148926e-01
4.196475446224212646e-01
3.991266489028930664e-01
3.831548392772674561e-01
3.671734333038330078e-01
3.543322980403900146e-01
3.427380025386810303e-01
3.322784006595611572e-01
3.229887485504150391e-01
3.141454160213470459e-01
3.067082166671752930e-01
2.994113862514495850e-01
2.925266623497009277e-01
2.868100702762603760e-01
2.808877527713775635e-01
2.756906151771545410e-01
2.712771594524383545e-01
2.660870254039764404e-01
2.620184421539306641e-01
2.581694722175598145e-01
2.538696229457855225e-01
2.507216334342956543e-01
2.467977106571197510e-01
2.438395321369171143e-01
2.402851283550262451e-01
2.375322282314300537e-01
2.350102066993713379e-01
2.320392578840255737e-01
2.291835397481918335e-01
2.268443405628204346e-01
2.241224348545074463e-01
2.218842804431915283e-01
2.196734398603439331e-01
2.179102003574371338e-01
2.156466543674468994e-01
2.135976552963256836e-01
2.118326127529144287e-01
2.096789777278900146e-01
2.083326727151870728e-01
2.062564939260482788e-01
2.047702074050903320e-01
2.029226124286651611e-01
2.014399468898773193e-01
2.000166922807693481e-01
1.983201354742050171e-01
1.968101263046264648e-01
1.956520080566406250e-01
1.942894756793975830e-01
1.928296089172363281e-01
1.913690865039825439e-01
1.905348300933837891e-01
1.891503334045410156e-01
1.880518496036529541e-01
1.866992115974426270e-01
1.855469942092895508e-01
1.844684034585952759e-01
1.831905096769332886e-01
1.820230334997177124e-01
1.813127249479293823e-01
1.801819801330566406e-01
1.792402565479278564e-01
1.780039370059967041e-01
1.772861182689666748e-01
1.762966066598892212e-01
1.752366125583648682e-01
1.748655587434768677e-01
1.734099537134170532e-01
1.727345883846282959e-01
1.717957556247711182e-01
1.709909737110137939e-01
1.702383309602737427e-01
1.695454567670822144e-01
