1.111322045326232910e-01
3.374787280336022377e-03
1.164984423667192459e-03
7.678311667405068874e-04
5.938512622378766537e-04
4.935258766636252403e-04
4.260432615410536528e-04
3.756474179681390524e-04
3.362375136930495501e-04
3.043250180780887604e-04
2.778377092909067869e-04
2.553554659243673086e-04
2.359197242185473442e-04
2.189854421885684133e-04
2.039352111751213670e-04
1.906499674078077078e-04
1.787321380106732249e-04
1.680353598203510046e-04
1.584557758178561926e-04
1.496892800787463784e-04
