3.714961232617497444e-03
2.815613523125648499e-03
2.363409148529171944e-03
2.024485496804118156e-03
1.758379861712455750e-03
1.545449486002326012e-03
1.374088460579514503e-03
1.230823807418346405e-03
1.112473080866038799e-03
1.013434259220957756e-03
9.301473037339746952e-04
8.574039093218743801e-04
7.936094189062714577e-04
7.373749976977705956e-04
6.869020871818065643e-04
6.418906850740313530e-04
6.003931048326194286e-04
5.617559072561562061e-04
5.254829884506762028e-04
4.926497349515557289e-04
4.620969993993639946e-04
4.334743716754019260e-04
4.068869166076183319e-04
3.820116980932652950e-04
3.588351828511804342e-04
3.375273954588919878e-04
3.171983407810330391e-04
2.984820166602730751e-04
2.812257735058665276e-04
2.648096415214240551e-04
2.500586851965636015e-04
2.358347992412745953e-04
2.229012752650305629e-04
2.109767665388062596e-04
1.998002699110656977e-04
1.895485329441726208e-04
1.800561731215566397e-04
1.713026722427457571e-04
1.630508049856871367e-04
1.555521157570183277e-04
1.488907146267592907e-04
1.426182861905544996e-04
1.360828609904274344e-04
1.304295728914439678e-04
1.252551155630499125e-04
1.205174339702352881e-04
1.160268875537440181e-04
1.118223517551086843e-04
1.079800131265074015e-04
1.043930242303758860e-04
1.010112027870491147e-04
9.784071153262630105e-05
9.490303636994212866e-05
9.214774763677269220e-05
8.959836850408464670e-05
8.709050598554313183e-05
8.481700206175446510e-05
8.263170457212254405e-05
8.058260573307052255e-05
7.865552470320835710e-05
7.688689947826787829e-05
7.511761941714212298e-05
7.345777703449130058e-05
7.200863910838961601e-05
7.039438060019165277e-05
6.897519051562994719e-05
6.759390817023813725e-05
6.627863331232219934e-05
6.502350152004510164e-05
6.381800631061196327e-05
6.264670082600787282e-05
6.160180782899260521e-05
6.047289934940636158e-05
5.943869473412632942e-05
5.858375152456574142e-05
5.747385512222535908e-05
5.652914842357859015e-05
5.562229489441961050e-05
5.471881013363599777e-05
5.406887066783383489e-05
5.302319550537504256e-05
5.221379979047924280e-05
5.150972356204874814e-05
5.071423584013246000e-05
4.993773836758919060e-05
4.941176302963867784e-05
4.852937854593619704e-05
4.793210609932430089e-05
4.719342905445955694e-05
4.656342571252025664e-05
4.595500286086462438e-05
4.535000698524527252e-05
4.468972474569454789e-05
4.409765460877679288e-05
4.352456016931682825e-05
4.304484900785610080e-05
4.240907219354994595e-05
4.192286723991855979e-05
4.135464405408129096e-05
4.089221692993305624e-05
