7.521123159676790237e-03
4.282081499695777893e-03
3.060994902625679970e-03
2.446505008265376091e-03
2.096568467095494270e-03
1.872857799753546715e-03
1.719879917800426483e-03
1.604972872883081436e-03
1.512276590801775455e-03
1.435374841094017029e-03
1.372484606690704823e-03
1.321412040852010250e-03
1.278136158362030983e-03
1.241395482793450356e-03
1.209395588375627995e-03
1.181215513497591019e-03
1.156052108854055405e-03
1.133245998062193394e-03
1.112477853894233704e-03
1.093368511646986008e-03
